1547415717.898864 /eda/raw: [0.0, 0.0, 0.0, 0.0, 0.0, 28.0, 34.0, 87.0, 0.0, 0.0]
1547415717.898963 /eeg/raw: [[846.0, 545.0, 1018.0, 1018.0, 1018.0, 0.0, 1018.0, 1018.0, 1017.0, 1018.0]]
1547415718.007215 /eda/raw: [0.0, 0.0, 19.0, 30.0, 0.0, 0.0, 0.0, 13.0, 29.0, 0.0]
1547415718.007257 /eeg/raw: [[1018.0, 0.0, 1018.0, 1019.0, 182.0, 0.0, 656.0, 550.0, 399.0, 219.0]]
1547415718.085394 /eda/raw: [0.0, 0.0, 0.0, 25.0, 88.0, 0.0, 0.0, 25.0, 0.0, 10.0]
1547415718.08545 /eeg/raw: [[468.0, 819.0, 152.0, 0.0, 0.0, 0.0, 201.0, 0.0, 0.0, 0.0]]
1547415718.2000241 /eda/raw: [0.0, 0.0, 25.0, 0.0, 0.0, 0.0, 0.0, 0.0, 0.0, 0.0]
1547415718.200077 /eeg/raw: [[0.0, 0.0, 0.0, 0.0, 1018.0, 1018.0, 1018.0, 1018.0, 1018.0, 1018.0]]
1547415718.3015192 /eda/raw: [3.0, 18.0, 30.0, 27.0, 91.0, 0.0, 0.0, 14.0, 28.0, 0.0]
1547415718.3015811 /eeg/raw: [[1018.0, 1019.0, 1019.0, 1019.0, 1018.0, 1018.0, 0.0, 0.0, 1019.0, 0.0]]
1547415718.382431 /eda/raw: [0.0, 30.0, 30.0, 28.0, 0.0, 0.0, 0.0, 0.0, 28.0, 0.0]
1547415718.382488 /eeg/raw: [[0.0, 0.0, 1019.0, 1018.0, 1018.0, 1018.0, 1018.0, 1017.0, 0.0, 0.0]]
1547415718.482259 /eda/raw: [0.0, 0.0, 0.0, 0.0, 0.0, 14.0, 22.0, 0.0, 0.0, 94.0]
1547415718.4823098 /eeg/raw: [[1018.0, 1018.0, 1018.0, 1018.0, 1018.0, 1019.0, 1019.0, 0.0, 0.0, 0.0]]
1547415718.582481 /eda/raw: [0.0, 24.0, 81.0, 5.0, 0.0, 23.0, 0.0, 4.0, 23.0, 24.0]
1547415718.582539 /eeg/raw: [[0.0, 0.0, 1018.0, 1018.0, 1018.0, 0.0, 0.0, 0.0, 1019.0, 1019.0]]
1547415718.698992 /eda/raw: [27.0, 0.0, 0.0, 0.0, 0.0, 0.0, 0.0, 0.0, 0.0, 0.0]
1547415718.699054 /eeg/raw: [[1019.0, 1018.0, 1018.0, 1018.0, 1018.0, 1018.0, 1018.0, 1018.0, 1018.0, 1018.0]]
1547415718.786369 /eda/raw: [1.0, 11.0, 22.0, 27.0, 30.0, 78.0, 59.0, 0.0, 0.0, 30.0]
1547415718.7864242 /eeg/raw: [[1018.0, 1019.0, 1019.0, 1019.0, 1019.0, 1018.0, 1018.0, 0.0, 0.0, 0.0]]
1547415718.888344 /eda/raw: [70.0, 0.0, 0.0, 0.0, 0.0, 0.0, 0.0, 0.0, 6.0, 23.0]
1547415718.8883781 /eeg/raw: [[1018.0, 1018.0, 0.0, 1018.0, 1018.0, 1018.0, 1018.0, 1018.0, 1018.0, 1019.0]]
1547415719.00017 /eda/raw: [30.0, 0.0, 0.0, 30.0, 30.0, 93.0, 0.0, 0.0, 0.0, 0.0]
1547415719.0002902 /eeg/raw: [[931.0, 0.0, 0.0, 0.0, 1018.0, 1018.0, 1018.0, 1018.0, 1018.0, 1018.0]]
1547415719.095186 /eda/raw: [2.0, 0.0, 0.0, 0.0, 0.0, 0.0, 0.0, 0.0, 0.0, 9.0]
1547415719.095241 /eeg/raw: [[0.0, 0.0, 706.0, 1018.0, 1018.0, 1018.0, 1018.0, 1018.0, 1018.0, 436.0]]
1547415719.214182 /eda/raw: [21.0, 0.0, 0.0, 0.0, 0.0, 0.0, 0.0, 2.0, 19.0, 28.0]
1547415719.214241 /eeg/raw: [[1019.0, 0.0, 0.0, 0.0, 1018.0, 1018.0, 1018.0, 1018.0, 1019.0, 1019.0]]
1547415719.2852108 /eda/raw: [31.0, 0.0, 0.0, 91.0, 0.0, 0.0, 0.0, 0.0, 0.0, 0.0]
1547415719.285252 /eeg/raw: [[1018.0, 0.0, 0.0, 0.0, 0.0, 1018.0, 1018.0, 1018.0, 1018.0, 1018.0]]
1547415719.4097621 /eda/raw: [2.0, 18.0, 24.0, 29.0, 30.0, 0.0, 0.0, 0.0, 0.0, 0.0]
1547415719.4097972 /eeg/raw: [[1018.0, 1019.0, 1019.0, 1019.0, 1019.0, 0.0, 1018.0, 1018.0, 1018.0, 1017.0]]
1547415719.479815 /eda/raw: [33.0, 0.0, 0.0, 79.0, 0.0, 0.0, 0.0, 0.0, 0.0, 0.0]
1547415719.4798489 /eeg/raw: [[0.0, 0.0, 0.0, 0.0, 0.0, 1018.0, 1018.0, 1018.0, 1018.0, 1018.0]]
1547415719.5920908 /eda/raw: [0.0, 0.0, 0.0, 0.0, 0.0, 0.0, 0.0, 28.0, 0.0, 0.0]
1547415719.5921228 /eeg/raw: [[1018.0, 1018.0, 1018.0, 0.0, 0.0, 1018.0, 1018.0, 0.0, 0.0, 0.0]]
1547415719.680855 /eda/raw: [0.0, 0.0, 0.0, 22.0, 25.0, 29.0, 25.0, 83.0, 0.0, 0.0]
1547415719.6813571 /eeg/raw: [[1018.0, 1018.0, 1018.0, 1019.0, 1019.0, 1019.0, 1018.0, 1018.0, 1018.0, 1018.0]]
1547415719.8065422 /eda/raw: [0.0, 0.0, 0.0, 0.0, 0.0, 0.0, 10.0, 15.0, 23.0, 27.0]
1547415719.806583 /eeg/raw: [[1018.0, 1018.0, 1018.0, 1018.0, 1018.0, 1018.0, 1018.0, 1019.0, 1019.0, 1019.0]]
1547415719.877104 /eda/raw: [28.0, 83.0, 0.0, 0.0, 0.0, 21.0, 28.0, 31.0, 27.0, 88.0]
1547415719.877137 /eeg/raw: [[1018.0, 1018.0, 1018.0, 0.0, 0.0, 248.0, 1019.0, 1019.0, 1018.0, 240.0]]
1547415719.985903 /eda/raw: [0.0, 28.0, 0.0, 0.0, 0.0, 0.0, 2.0, 16.0, 22.0, 29.0]
1547415719.9859378 /eeg/raw: [[0.0, 0.0, 0.0, 0.0, 1018.0, 1018.0, 1018.0, 1019.0, 1019.0, 1019.0]]
1547415720.11711 /eda/raw: [31.0, 0.0, 0.0, 0.0, 0.0, 0.0, 6.0, 12.0, 21.0, 27.0]
1547415720.117142 /eeg/raw: [[1019.0, 0.0, 1018.0, 1018.0, 1018.0, 1018.0, 1018.0, 1019.0, 1019.0, 1019.0]]
1547415720.192141 /eda/raw: [31.0, 74.0, 0.0, 0.0, 0.0, 0.0, 0.0, 8.0, 27.0, 31.0]
1547415720.1921751 /eeg/raw: [[1019.0, 65.0, 1018.0, 652.0, 1018.0, 1018.0, 395.0, 598.0, 1019.0, 1019.0]]
1547415720.279912 /eda/raw: [2.0, 0.0, 0.0, 0.0, 0.0, 14.0, 31.0, 26.0, 1.0, 0.0]
1547415720.2799628 /eeg/raw: [[579.0, 449.0, 116.0, 1017.0, 1018.0, 1018.0, 534.0, 1013.0, 1018.0, 563.0]]
1547415720.386266 /eda/raw: [0.0, 0.0, 28.0, 0.0, 0.0, 0.0, 1.0, 27.0, 92.0, 0.0]
1547415720.386514 /eeg/raw: [[93.0, 271.0, 0.0, 0.0, 0.0, 288.0, 649.0, 0.0, 272.0, 169.0]]
1547415720.488395 /eda/raw: [0.0, 0.0, 12.0, 26.0, 80.0, 0.0, 0.0, 0.0, 9.0, 29.0]
1547415720.488428 /eeg/raw: [[213.0, 0.0, 894.0, 416.0, 566.0, 664.0, 499.0, 287.0, 0.0, 43.0]]
1547415720.598899 /eda/raw: [62.0, 0.0, 0.0, 0.0, 0.0, 14.0, 25.0, 0.0, 0.0, 0.0]
1547415720.599042 /eeg/raw: [[1018.0, 665.0, 0.0, 0.0, 878.0, 84.0, 0.0, 0.0, 0.0, 856.0]]
1547415720.685066 /eda/raw: [0.0, 22.0, 30.0, 0.0, 0.0, 0.0, 0.0, 24.0, 25.0, 82.0]
1547415720.6851032 /eeg/raw: [[512.0, 127.0, 1018.0, 0.0, 499.0, 252.0, 924.0, 0.0, 1018.0, 1018.0]]
1547415720.794972 /eda/raw: [0.0, 0.0, 22.0, 0.0, 0.0, 0.0, 0.0, 28.0, 0.0, 7.0]
1547415720.7950091 /eeg/raw: [[1018.0, 0.0, 0.0, 0.0, 518.0, 1018.0, 1018.0, 0.0, 0.0, 0.0]]
1547415720.9081988 /eda/raw: [27.0, 0.0, 0.0, 0.0, 0.0, 8.0, 13.0, 27.0, 28.0, 29.0]
1547415720.908237 /eeg/raw: [[0.0, 0.0, 1018.0, 1018.0, 1018.0, 1018.0, 1019.0, 1019.0, 1019.0, 1019.0]]
1547415721.1113741 /eda/raw: [32.0, 89.0, 0.0, 0.0, 0.0, 0.0, 0.0, 0.0, 0.0, 0.0]
1547415721.111447 /eeg/raw: [[1018.0, 1018.0, 1018.0, 1018.0, 1018.0, 1018.0, 1018.0, 1018.0, 1018.0, 989.0]]
1547415721.2861838 /eda/raw: [24.0, 0.0, 0.0, 32.0, 0.0, 17.0, 0.0, 0.0, 0.0, 0.0]
1547415721.28622 /eeg/raw: [[0.0, 0.0, 0.0, 0.0, 0.0, 0.0, 0.0, 0.0, 1018.0, 1018.0]]
1547415721.3463209 /eda/raw: [0.0, 0.0, 0.0, 18.0, 85.0, 32.0, 0.0, 0.0, 0.0, 29.0]
1547415721.346356 /eeg/raw: [[1018.0, 1018.0, 1018.0, 1019.0, 0.0, 1018.0, 1018.0, 1018.0, 0.0, 0.0]]
1547415721.352923 /eda/raw: [0.0, 0.0, 0.0, 0.0, 0.0, 0.0, 18.0, 19.0, 22.0, 32.0]
1547415721.353417 /eeg/raw: [[0.0, 1018.0, 1018.0, 1018.0, 1018.0, 0.0, 397.0, 1019.0, 1019.0, 0.0]]
1547415721.4771829 /eda/raw: [0.0, 0.0, 0.0, 0.0, 0.0, 0.0, 0.0, 27.0, 0.0, 0.0]
1547415721.477221 /eeg/raw: [[0.0, 1018.0, 1018.0, 1018.0, 1018.0, 1018.0, 0.0, 642.0, 750.0, 1018.0]]
1547415721.588465 /eda/raw: [0.0, 0.0, 0.0, 22.0, 0.0, 0.0, 26.0, 0.0, 0.0, 2.0]
1547415721.5885272 /eeg/raw: [[1018.0, 1018.0, 1018.0, 0.0, 0.0, 0.0, 0.0, 0.0, 0.0, 1018.0]]
1547415721.623094 /eda/raw: [24.0, 0.0, 28.0, 0.0, 0.0, 32.0, 81.0, 1.0, 0.0, 0.0]
1547415721.6231291 /eeg/raw: [[0.0, 0.0, 0.0, 0.0, 0.0, 0.0, 1018.0, 1018.0, 1018.0, 1018.0]]
1547415721.69381 /eda/raw: [0.0, 0.0, 0.0, 0.0, 0.0, 25.0, 28.0, 28.0, 28.0, 70.0]
1547415721.693865 /eeg/raw: [[1018.0, 1018.0, 1018.0, 1018.0, 1018.0, 0.0, 1019.0, 1019.0, 1019.0, 1018.0]]
1547415721.777283 /eda/raw: [3.0, 0.0, 0.0, 14.0, 23.0, 25.0, 29.0, 31.0, 33.0, 14.0]
1547415721.777339 /eeg/raw: [[1018.0, 1018.0, 0.0, 762.0, 1019.0, 1019.0, 1019.0, 1018.0, 1018.0, 1018.0]]
1547415721.8921652 /eda/raw: [0.0, 0.0, 9.0, 29.0, 27.0, 82.0, 0.0, 0.0, 0.0, 15.0]
1547415721.8921988 /eeg/raw: [[1018.0, 534.0, 0.0, 1019.0, 1019.0, 1018.0, 0.0, 0.0, 1018.0, 1019.0]]
1547415721.979558 /eda/raw: [28.0, 27.0, 30.0, 30.0, 31.0, 0.0, 0.0, 0.0, 30.0, 0.0]
1547415721.9796128 /eeg/raw: [[1019.0, 1019.0, 1019.0, 1018.0, 1018.0, 162.0, 0.0, 0.0, 0.0, 0.0]]
1547415722.091199 /eda/raw: [0.0, 0.0, 0.0, 0.0, 0.0, 0.0, 7.0, 20.0, 29.0, 33.0]
1547415722.091274 /eeg/raw: [[1018.0, 1018.0, 1018.0, 1018.0, 1018.0, 1018.0, 1018.0, 1019.0, 1019.0, 1018.0]]
1547415722.229651 /eda/raw: [0.0, 0.0, 0.0, 0.0, 13.0, 26.0, 33.0, 84.0, 0.0, 0.0]
1547415722.229686 /eeg/raw: [[602.0, 1018.0, 1018.0, 415.0, 1018.0, 744.0, 1018.0, 1018.0, 826.0, 0.0]]
1547415722.300352 /eda/raw: [0.0, 9.0, 0.0, 0.0, 0.0, 18.0, 0.0, 0.0, 0.0, 0.0]
1547415722.3005419 /eeg/raw: [[0.0, 754.0, 0.0, 0.0, 1018.0, 0.0, 0.0, 247.0, 1018.0, 1018.0]]
1547415722.410064 /eda/raw: [0.0, 0.0, 16.0, 29.0, 29.0, 89.0, 0.0, 0.0, 0.0, 0.0]
1547415722.4101 /eeg/raw: [[1018.0, 1018.0, 314.0, 1019.0, 1019.0, 1018.0, 1018.0, 1018.0, 753.0, 1017.0]]
1547415722.478421 /eda/raw: [6.0, 27.0, 29.0, 0.0, 0.0, 0.0, 0.0, 4.0, 26.0, 47.0]
1547415722.478456 /eeg/raw: [[1018.0, 1019.0, 1018.0, 0.0, 1018.0, 666.0, 1018.0, 641.0, 1019.0, 263.0]]
1547415722.591694 /eda/raw: [0.0, 0.0, 0.0, 0.0, 30.0, 0.0, 0.0, 0.0, 0.0, 4.0]
1547415722.591756 /eeg/raw: [[911.0, 0.0, 0.0, 0.0, 0.0, 0.0, 635.0, 1018.0, 1018.0, 1018.0]]
1547415722.700007 /eda/raw: [29.0, 0.0, 20.0, 0.0, 0.0, 28.0, 0.0, 0.0, 0.0, 0.0]
1547415722.7000608 /eeg/raw: [[0.0, 0.0, 0.0, 0.0, 0.0, 0.0, 0.0, 1018.0, 1018.0, 1018.0]]
1547415722.7783759 /eda/raw: [0.0, 0.0, 0.0, 0.0, 29.0, 0.0, 19.0, 0.0, 0.0, 31.0]
1547415722.8298671 /eeg/raw: [[1018.0, 1018.0, 1018.0, 1018.0, 0.0, 0.0, 0.0, 0.0, 0.0, 0.0]]
1547415722.8298671 /eeg/theta: [3063.5696]
1547415722.8298671 /eeg/alpha: [3831.1843]
1547415722.8298671 /eeg/beta: [12347.493]
1547415722.8298671 /eeg/delta: [756.88715]
1547415722.9068742 /ecg/ibi: 4.37
1547415722.906991 /eda/raw: [0.0, 0.0, 1.0, 31.0, 29.0, 26.0, 87.0, 0.0, 0.0, 0.0]
1547415722.907052 /eeg/raw: [[0.0, 1018.0, 1018.0, 1019.0, 1018.0, 1018.0, 1018.0, 1018.0, 1018.0, 0.0]]
1547415722.981251 /eda/raw: [30.0, 0.0, 0.0, 0.0, 0.0, 29.0, 30.0, 0.0, 0.0, 0.0]
1547415722.9813251 /eeg/raw: [[0.0, 0.0, 1018.0, 1018.0, 1018.0, 0.0, 1018.0, 0.0, 1018.0, 1018.0]]
1547415723.125878 /eda/raw: [0.0, 2.0, 0.0, 0.0, 21.0, 25.0, 29.0, 32.0, 0.0, 28.0]
1547415723.125938 /eeg/raw: [[1018.0, 0.0, 0.0, 0.0, 0.0, 1019.0, 1019.0, 1018.0, 0.0, 0.0]]
1547415723.193384 /eda/raw: [30.0, 30.0, 93.0, 0.0, 0.0, 0.0, 0.0, 0.0, 0.0, 31.0]
1547415723.193415 /eeg/raw: [[1019.0, 1018.0, 1018.0, 1018.0, 1018.0, 1018.0, 1018.0, 1018.0, 1018.0, 0.0]]
1547415723.277243 /eda/raw: [46.0, 2.0, 0.0, 0.0, 0.0, 0.0, 0.0, 0.0, 9.0, 23.0]
1547415723.277279 /eeg/raw: [[1018.0, 1018.0, 1018.0, 1018.0, 1018.0, 1018.0, 1018.0, 1018.0, 1018.0, 1019.0]]
1547415723.3972638 /eda/raw: [31.0, 0.0, 0.0, 0.0, 0.0, 0.0, 23.0, 28.0, 0.0, 0.0]
1547415723.3972979 /eeg/raw: [[0.0, 927.0, 472.0, 914.0, 1018.0, 515.0, 1019.0, 512.0, 0.0, 0.0]]
1547415723.4978318 /eda/raw: [14.0, 29.0, 30.0, 35.0, 0.0, 0.0, 0.0, 22.0, 0.0, 0.0]
1547415723.497893 /eeg/raw: [[0.0, 1019.0, 1019.0, 1018.0, 1018.0, 1018.0, 0.0, 0.0, 0.0, 0.0]]
1547415723.598476 /eda/raw: [29.0, 0.0, 0.0, 31.0, 0.0, 0.0, 0.0, 0.0, 0.0, 2.0]
1547415723.598509 /eeg/raw: [[0.0, 0.0, 0.0, 0.0, 1018.0, 1018.0, 1018.0, 1018.0, 1018.0, 1018.0]]
1547415723.688459 /eda/raw: [19.0, 30.0, 28.0, 92.0, 0.0, 0.0, 0.0, 0.0, 0.0, 0.0]
1547415723.688521 /eeg/raw: [[1019.0, 1019.0, 1019.0, 1018.0, 1018.0, 1018.0, 1018.0, 1018.0, 1018.0, 1018.0]]
1547415723.801596 /eda/raw: [0.0, 11.0, 16.0, 18.0, 29.0, 33.0, 0.0, 0.0, 0.0, 0.0]
1547415723.8016582 /eeg/raw: [[1018.0, 1018.0, 1019.0, 1019.0, 1019.0, 1018.0, 1018.0, 501.0, 0.0, 1018.0]]
1547415723.8783529 /ecg/ibi: 1.59
1547415723.878407 /eda/raw: [0.0, 11.0, 17.0, 24.0, 25.0, 30.0, 1.0, 0.0, 0.0, 0.0]
1547415723.878439 /eeg/raw: [[1018.0, 1019.0, 1019.0, 1019.0, 1019.0, 0.0, 697.0, 0.0, 0.0, 486.0]]
1547415723.984755 /eda/raw: [26.0, 27.0, 0.0, 0.0, 0.0, 5.0, 30.0, 0.0, 0.0, 0.0]
1547415723.984789 /eeg/raw: [[283.0, 1018.0, 0.0, 876.0, 39.0, 0.0, 0.0, 213.0, 782.0, 0.0]]
1547415724.114795 /eda/raw: [2.0, 90.0, 0.0, 31.0, 91.0, 0.0, 0.0, 0.0, 0.0, 0.0]
1547415724.115289 /eeg/raw: [[0.0, 0.0, 0.0, 0.0, 1018.0, 1018.0, 1018.0, 1018.0, 1018.0, 1018.0]]
1547415724.193148 /eda/raw: [20.0, 31.0, 31.0, 44.0, 0.0, 0.0, 0.0, 0.0, 0.0, 0.0]
1547415724.193216 /eeg/raw: [[0.0, 1019.0, 1019.0, 1018.0, 0.0, 1018.0, 1018.0, 1018.0, 1018.0, 1018.0]]
1547415724.288385 /eda/raw: [0.0, 0.0, 0.0, 0.0, 5.0, 27.0, 31.0, 91.0, 0.0, 0.0]
1547415724.2884219 /eeg/raw: [[1018.0, 1018.0, 1018.0, 1018.0, 1018.0, 924.0, 1018.0, 1018.0, 1018.0, 1018.0]]
1547415724.399101 /eda/raw: [0.0, 0.0, 0.0, 29.0, 92.0, 0.0, 0.0, 0.0, 0.0, 12.0]
1547415724.399155 /eeg/raw: [[1018.0, 945.0, 1018.0, 0.0, 909.0, 0.0, 1018.0, 174.0, 1018.0, 0.0]]
1547415724.508841 /eda/raw: [26.0, 30.0, 0.0, 0.0, 0.0, 13.0, 20.0, 25.0, 54.0, 0.0]
1547415724.508905 /eeg/raw: [[1019.0, 1019.0, 0.0, 0.0, 1018.0, 1018.0, 1019.0, 897.0, 1018.0, 1018.0]]
1547415724.593579 /eda/raw: [0.0, 0.0, 0.0, 10.0, 17.0, 30.0, 93.0, 0.0, 0.0, 0.0]
1547415724.593614 /eeg/raw: [[1018.0, 808.0, 151.0, 1018.0, 1019.0, 756.0, 1018.0, 841.0, 1018.0, 494.0]]
1547415724.7039418 /eda/raw: [0.0, 0.0, 14.0, 29.0, 29.0, 0.0, 0.0, 0.0, 27.0, 83.0]
1547415724.703997 /eeg/raw: [[658.0, 617.0, 0.0, 905.0, 940.0, 0.0, 0.0, 579.0, 363.0, 150.0]]
1547415724.7785559 /ecg/ibi: 0.96
1547415724.778613 /eda/raw: [0.0, 0.0, 0.0, 14.0, 29.0, 71.0, 0.0, 0.0, 0.0, 0.0]
1547415724.778644 /eeg/raw: [[1018.0, 0.0, 947.0, 0.0, 150.0, 1018.0, 792.0, 481.0, 1018.0, 330.0]]
1547415724.877631 /eda/raw: [26.0, 44.0, 0.0, 0.0, 0.0, 7.0, 32.0, 0.0, 0.0, 0.0]
1547415724.8776672 /eeg/raw: [[0.0, 0.0, 1018.0, 239.0, 137.0, 734.0, 807.0, 47.0, 1018.0, 1018.0]]
1547415724.978413 /eda/raw: [0.0, 0.0, 0.0, 23.0, 33.0, 0.0, 0.0, 15.0, 0.0, 0.0]
1547415724.978461 /eeg/raw: [[1017.0, 1018.0, 386.0, 0.0, 691.0, 544.0, 436.0, 0.0, 0.0, 0.0]]
1547415725.0822022 /eda/raw: [27.0, 0.0, 0.0, 33.0, 0.0, 11.0, 3.0, 0.0, 27.0, 0.0]
1547415725.0822349 /eeg/raw: [[0.0, 0.0, 0.0, 0.0, 0.0, 0.0, 0.0, 0.0, 0.0, 0.0]]
1547415725.182723 /eda/raw: [0.0, 0.0, 0.0, 27.0, 0.0, 0.0, 0.0, 14.0, 28.0, 31.0]
1547415725.18326 /eeg/raw: [[995.0, 1018.0, 1018.0, 1019.0, 0.0, 1018.0, 1018.0, 1019.0, 1019.0, 1019.0]]
1547415725.308116 /eda/raw: [31.0, 73.0, 0.0, 0.0, 0.0, 0.0, 0.0, 0.0, 0.0, 21.0]
1547415725.309689 /eeg/raw: [[1018.0, 1018.0, 1018.0, 1018.0, 1018.0, 1018.0, 1018.0, 1018.0, 1018.0, 0.0]]
1547415725.309689 /eeg/theta: [3078.978]
1547415725.309689 /eeg/alpha: [3807.692]
1547415725.309689 /eeg/beta: [12267.814]
1547415725.309689 /eeg/delta: [779.0029]
1547415725.394055 /eda/raw: [30.0, 37.0, 0.0, 0.0, 0.0, 0.0, 0.0, 0.0, 6.0, 23.0]
1547415725.394122 /eeg/raw: [[1019.0, 1018.0, 1018.0, 1018.0, 1018.0, 1018.0, 0.0, 1018.0, 1018.0, 489.0]]
1547415725.4784498 /eda/raw: [79.0, 0.0, 0.0, 0.0, 14.0, 63.0, 0.0, 0.0, 0.0, 0.0]
1547415725.478483 /eeg/raw: [[1018.0, 399.0, 620.0, 1.0, 1019.0, 0.0, 0.0, 1018.0, 1018.0, 1018.0]]
1547415725.6092238 /eda/raw: [13.0, 27.0, 29.0, 0.0, 0.0, 87.0, 0.0, 0.0, 0.0, 0.0]
1547415725.609331 /eeg/raw: [[1018.0, 842.0, 1018.0, 0.0, 0.0, 0.0, 0.0, 1018.0, 1018.0, 1018.0]]
1547415725.683466 /eda/raw: [0.0, 0.0, 0.0, 27.0, 0.0, 15.0, 91.0, 75.0, 81.0, 0.0]
1547415725.68351 /eeg/raw: [[1018.0, 1018.0, 1018.0, 0.0, 0.0, 0.0, 0.0, 1018.0, 1018.0, 1018.0]]
1547415725.790689 /eda/raw: [0.0, 0.0, 0.0, 24.0, 0.0, 2.0, 48.0, 0.0, 0.0, 0.0]
1547415725.7907252 /eeg/raw: [[1018.0, 1018.0, 1018.0, 0.0, 0.0, 0.0, 0.0, 1018.0, 1018.0, 1018.0]]
1547415725.900372 /eda/raw: [16.0, 0.0, 0.0, 0.0, 0.0, 23.0, 27.0, 30.0, 91.0, 49.0]
1547415725.900434 /eeg/raw: [[0.0, 0.0, 1018.0, 1018.0, 0.0, 1019.0, 1019.0, 1019.0, 1018.0, 1018.0]]
1547415725.980865 /eda/raw: [0.0, 0.0, 0.0, 0.0, 0.0, 0.0, 0.0, 0.0, 2.0, 19.0]
1547415725.9808981 /eeg/raw: [[1018.0, 1018.0, 1018.0, 1018.0, 1018.0, 1018.0, 1018.0, 1018.0, 1018.0, 1019.0]]
1547415726.084687 /ecg/ibi: 1.29
1547415726.084741 /eda/raw: [28.0, 30.0, 94.0, 0.0, 0.0, 0.0, 0.0, 7.0, 27.0, 27.0]
1547415726.0847712 /eeg/raw: [[1019.0, 762.0, 1018.0, 1018.0, 0.0, 352.0, 1018.0, 0.0, 635.0, 810.0]]
1547415726.192994 /eda/raw: [0.0, 0.0, 0.0, 0.0, 6.0, 24.0, 30.0, 0.0, 0.0, 0.0]
1547415726.193043 /eeg/raw: [[322.0, 0.0, 1018.0, 115.0, 322.0, 0.0, 145.0, 0.0, 0.0, 0.0]]
1547415726.2835069 /eda/raw: [3.0, 28.0, 0.0, 0.0, 0.0, 0.0, 15.0, 22.0, 31.0, 0.0]
1547415726.283541 /eeg/raw: [[0.0, 0.0, 0.0, 0.0, 989.0, 865.0, 842.0, 1019.0, 0.0, 0.0]]
1547415726.383391 /eda/raw: [0.0, 0.0, 0.0, 21.0, 30.0, 66.0, 0.0, 0.0, 0.0, 9.0]
1547415726.383424 /eeg/raw: [[0.0, 383.0, 1018.0, 0.0, 490.0, 474.0, 688.0, 43.0, 352.0, 0.0]]
1547415726.4985468 /eda/raw: [29.0, 55.0, 0.0, 0.0, 0.0, 22.0, 24.0, 64.0, 0.0, 0.0]
1547415726.49858 /eeg/raw: [[748.0, 306.0, 127.0, 0.0, 0.0, 0.0, 0.0, 1018.0, 110.0, 0.0]]
1547415726.577674 /eda/raw: [0.0, 15.0, 30.0, 0.0, 0.0, 0.0, 0.0, 19.0, 30.0, 72.0]
1547415726.578048 /eeg/raw: [[0.0, 0.0, 716.0, 0.0, 0.0, 577.0, 231.0, 505.0, 664.0, 662.0]]
1547415726.711029 /eda/raw: [0.0, 0.0, 0.0, 7.0, 22.0, 0.0, 0.0, 29.0, 0.0, 4.0]
1547415726.711085 /eeg/raw: [[0.0, 579.0, 640.0, 0.0, 609.0, 0.0, 0.0, 0.0, 0.0, 0.0]]
1547415726.783655 /eda/raw: [0.0, 0.0, 0.0, 0.0, 0.0, 29.0, 68.0, 46.0, 0.0, 0.0]
1547415726.78371 /eeg/raw: [[0.0, 1018.0, 1018.0, 1018.0, 1017.0, 0.0, 1018.0, 1018.0, 1018.0, 1018.0]]
1547415726.896447 /eda/raw: [0.0, 0.0, 0.0, 0.0, 0.0, 0.0, 9.0, 0.0, 0.0, 0.0]
1547415726.896589 /eeg/raw: [[1018.0, 1018.0, 1018.0, 1018.0, 1018.0, 1018.0, 510.0, 0.0, 0.0, 1018.0]]
1547415726.979787 /eda/raw: [0.0, 6.0, 14.0, 26.0, 27.0, 0.0, 0.0, 0.0, 0.0, 0.0]
1547415726.9798222 /eeg/raw: [[1018.0, 1018.0, 1019.0, 1019.0, 1019.0, 0.0, 0.0, 1018.0, 1018.0, 1018.0]]
1547415727.0945191 /eda/raw: [0.0, 9.0, 14.0, 22.0, 27.0, 30.0, 26.0, 0.0, 0.0, 51.0]
1547415727.094584 /eeg/raw: [[1018.0, 1018.0, 1019.0, 1019.0, 1019.0, 1018.0, 1018.0, 0.0, 0.0, 0.0]]
1547415727.179034 /eda/raw: [0.0, 22.0, 0.0, 0.0, 0.0, 0.0, 0.0, 0.0, 0.0, 0.0]
1547415727.179067 /eeg/raw: [[0.0, 0.0, 0.0, 1018.0, 1018.0, 1018.0, 1018.0, 1018.0, 1018.0, 1018.0]]
1547415727.328778 /eda/raw: [0.0, 11.0, 21.0, 28.0, 28.0, 0.0, 0.0, 0.0, 0.0, 15.0]
1547415727.328896 /eeg/raw: [[1018.0, 1019.0, 1019.0, 1019.0, 1019.0, 0.0, 0.0, 1018.0, 1018.0, 1019.0]]
1547415727.4051259 /eda/raw: [24.0, 28.0, 4.0, 0.0, 0.0, 0.0, 0.0, 0.0, 29.0, 0.0]
1547415727.405181 /eeg/raw: [[1019.0, 1018.0, 1018.0, 1018.0, 1018.0, 1018.0, 1018.0, 1018.0, 0.0, 0.0]]
1547415727.491442 /eda/raw: [20.0, 28.0, 30.0, 0.0, 0.0, 0.0, 0.0, 0.0, 0.0, 0.0]
1547415727.491482 /eeg/raw: [[0.0, 1019.0, 1018.0, 1018.0, 1018.0, 1018.0, 1018.0, 1018.0, 721.0, 1018.0]]
1547415727.5771809 /ecg/ibi: 1.52
1547415727.577234 /eda/raw: [2.0, 16.0, 28.0, 32.0, 80.0, 0.0, 0.0, 0.0, 0.0, 27.0]
1547415727.577264 /eeg/raw: [[1018.0, 1019.0, 1019.0, 1018.0, 1018.0, 225.0, 1018.0, 899.0, 1018.0, 0.0]]
1547415727.69153 /eda/raw: [0.0, 0.0, 0.0, 0.0, 16.0, 30.0, 51.0, 0.0, 0.0, 0.0]
1547415727.6916769 /eeg/raw: [[0.0, 956.0, 1018.0, 759.0, 318.0, 179.0, 1018.0, 1018.0, 0.0, 0.0]]
1547415727.798898 /eda/raw: [0.0, 29.0, 0.0, 2.0, 20.0, 28.0, 33.0, 0.0, 0.0, 0.0]
1547415727.79954 /eeg/raw: [[476.0, 0.0, 0.0, 0.0, 1019.0, 1019.0, 1018.0, 1018.0, 1018.0, 1018.0]]
1547415727.79954 /eeg/theta: [2915.6653]
1547415727.79954 /eeg/alpha: [3850.329]
1547415727.79954 /eeg/beta: [12197.211]
1547415727.79954 /eeg/delta: [771.085]
1547415727.8911731 /eda/raw: [0.0, 0.0, 0.0, 21.0, 29.0, 0.0, 0.0, 0.0, 0.0, 0.0]
1547415727.891237 /eeg/raw: [[1018.0, 1018.0, 1018.0, 1018.0, 1018.0, 0.0, 1018.0, 1018.0, 1018.0, 1018.0]]
1547415727.98099 /eda/raw: [0.0, 26.0, 77.0, 0.0, 0.0, 0.0, 0.0, 0.0, 5.0, 30.0]
1547415727.981025 /eeg/raw: [[0.0, 621.0, 835.0, 732.0, 1018.0, 662.0, 1018.0, 846.0, 1018.0, 273.0]]
1547415728.0920599 /eda/raw: [0.0, 0.0, 0.0, 0.0, 0.0, 24.0, 0.0, 0.0, 0.0, 0.0]
1547415728.092118 /eeg/raw: [[0.0, 537.0, 850.0, 480.0, 1018.0, 0.0, 0.0, 0.0, 1018.0, 1018.0]]
